<!DOCTYPE html>
<html>

<head>

	<meta http-equiv="content-language" content="es"/>
	<meta http-equiv="content-type" content="text/html; charset=utf-8" />
	<meta name="description" content="JME documentación online" />
	<meta name="author" content="Miguel Alejandro Moreno Barrientos" />
	<meta name="publisher" content="Miguel Alejandro Moreno Barrientos" />
	<meta name="copyright" content="Miguel Alejandro Moreno Barrientos" />
	<meta name="distribution" content="Global" />
	<meta name="audience" content="all" />
	<meta name="robots" content="index,follow" />
	<meta name="keyword" content="evaluador, evaluacion, evaluador matematico, math parser, parser, arithmetic parser, java, miguel alejandro moreno barrientos, evaluador de expresiones matematicas, math expressions, evaluador de expresiones aritmeticas, arithmetic expressions, jme, fractal, mandelbrot" />
	<meta name="keyword" content="acsv,csv,comma,separated,values" />
	
	<!-- ICON -->
	<link href="../../images/iconojme.png" rel="shortcut icon" type="image/png"/>
	
	<!-- CSS -->
	<link href="../../css/jme_doc.css" rel="stylesheet" type="text/css" >
	
	<!-- JAVASCRIPT -->	
	<script type="text/javascript" src="../../js/jme_doc.js" charset="UTF-8"></script>
		
</head>

<body>

<!-- TITLE -->
<header class="title">Función: <span class="titleItem">Exportar a CSV</span><a href="../../index.html">Volver</a></header>

<hr/>

<!-- DESCRIPTION -->
<p class="subtitle">Descripción</p>

<p class="content">Exporta un vector de datos a texto CSV con el formato especificado</p>

<!-- INPUT -->
<p class="subtitle">Cadena de entrada</p>

<p class="functionInputOutput content">acsv</p>
	
<!-- OUTPUT -->
<p class="subtitle">Cadena de salida</p>

<p class="functionInputOutput content">aCSV</p>
	
<!-- USAGE -->
<p class="subtitle">Uso</p>

<p class="content bnf">acsv(&lt;vector_data>[,&lt;separador>[,&lt;comillas>[,&lt;num_linea>[,&lt;filtro>[,&lt;encabezados>]]]]])</p>

<p class="content comment">Nota: en el caso de un parámetro, es necesario escribir el vector de datos entre corchetes (ver ejemplos)</p>

<table class="dataTable content" style="font-size: small">
	<thead>
		<tr>
			<th colspan="4">Parámetros</th>
		</tr>
		<tr>
			<th>#</th>
			<th>Parámetro</th>
			<th>Descripción</th>
			<th>Valor por defecto</th>
		</tr>
	</thead>
	<tbody>
		<tr>
			<td>1</td>
			<td>vector_data</td>
			<td>Vector, generalmente matricial, con los datos a exportar</td>
			<td></td>
		</tr>
		<tr>
			<td>2</td>
			<td>separador</td>
			<td>Separador entre items (cadena), por defecto coma</td>
			<td>','</td>
		</tr>
		<tr>
			<td>3</td>
			<td>comillas</td>
			<td>Comillas para textos complejos (carácter), generalmente comillas simples o dobles (defecto)</td>
			<td>'"'</td>
		</tr>
		<tr>
			<td>4</td>
			<td>num_linea</td>
			<td><code>verdadero</code> para añadir números de línea como primera columna</td>
			<td><i>falso</i></td>
		</tr>
		<tr>
			<td>5</td>
			<td>filtro</td>
			<td><code>verdadero</code> para filtro de salida, <code>falso</code> para filtro de entrada</td>
			<td><i>verdadero</i></td>
		</tr>
		<tr>
			<td>6</td>
			<td>encabezados</td>
			<td>Vector de encabezados como primera línea</td>
			<td>[]</td>
		</tr>
	</tbody>
</table>

<!-- EXAMPLES -->
<p class="subtitle">Ejemplos</p>

<div class="example">
	<p class="content jmescript"><span>
	# Ejemplo de exportación a CSV
	data := mrot([1,2,-1],mpi)  # matriz de rotación 3D
	imprimir msj vertical 'data:', data,
	csv := <mark class="gray1">acsv([data])</mark>  # corchetes necesarios con un solo parámetro
	imprimir msj vertical 80'-'+eol+'  CSV por defecto:'+eol+80'=', csv,
	csv := <mark class="gray1">acsv(data,';'+tab)</mark>
	imprimir msj vertical 80'-'+eol+'  CSV con punto y coma como separador:'+eol+80'=', csv,
	csv := <mark class="gray1">acsv(data,', ','$',falso,falso,['x','y','z',''])</mark>
	imprimir msj vertical 80'-'+eol+'  CSV con encabezados y $ como delimitador de texto:'+eol+80'=', csv,
	</span></p>
	<p class="content output">
	data:
	| 0.16666666666666674  0.7415816237971964  0.6498299142610595   0 |
	| -0.0749149571305297  0.6666666666666669  -0.7415816237971964  0 |
	| -0.9831632475943928  0.0749149571305297  0.16666666666666674  0 |
	|          0                   0                    0           1 |
	
	--------------------------------------------------------------------------------
	  CSV por defecto:
	================================================================================
	0.16666666666666674,0.7415816237971964,0.6498299142610595,0
	-0.0749149571305297,0.6666666666666669,-0.7415816237971964,0
	-0.9831632475943928,0.0749149571305297,0.16666666666666674,0
	0,0,0,1
	
	--------------------------------------------------------------------------------
	  CSV con punto y coma como separador:
	================================================================================
	0.16666666666666674;	0.7415816237971964;	0.6498299142610595;	0
	-0.0749149571305297;	0.6666666666666669;	-0.7415816237971964;	0
	-0.9831632475943928;	0.0749149571305297;	0.16666666666666674;	0
	0;	0;	0;	1
	
	--------------------------------------------------------------------------------
	  CSV con encabezados y $ como delimitador de texto:
	================================================================================
	$x$, $y$, $z$, $$
	0.16666666666666674, 0.7415816237971964, 0.6498299142610595, 0
	-0.0749149571305297, 0.6666666666666669, -0.7415816237971964, 0
	-0.9831632475943928, 0.0749149571305297, 0.16666666666666674, 0
	0, 0, 0, 1
	</p>
</div>

<div class="example">
	<p class="content jmescript"><span>
	# Distintos tipos de datos JME y recuperación inversa desde CSV a matriz de datos
	data := [ ['Juan alias "Cabezón"', 40b, 2+3î],
		> ['Edgar alias "Orejón"', 2.3d, î],
		> ['Alejandro alias "El Masca"',-1,['a','b']],
		> ['Azahara alias "Achofifo Alfalfa"', 2, dic('a','3')] ]
	imprimir msj vertical 'data:', data,
	csv := acsv(data,', ','"',falso,verdadero)
	imprimir msj vertical 80'-'+eol+'  CSV con método de salida de items:'+eol+80'=',
	imprimir msj csv
	csv := acsv(data,'; ','"',falso,falso)  # para guardar diccionarios y vectores es preferible usar un separador distinto a la coma
	imprimir msj vertical 80'-'+eol+'  CSV con método de entrada de items (reversible con \'desdecsv\'):'+eol+80'=',
	imprimir msj csv
	data := desdecsv(csv,';')
	imprimir msj vertical 80'-'+eol+'  Matriz desde CSV con función \'desdecsv\':'+eol+80'=',
	imprimir vertical data
	</span></p>
	<p class="content output">
	data:
	|       'Juan alias "Cabezón"'        40     2+3I    |
	|       'Edgar alias "Orejón"'        2.3      I     |
	|    'Alejandro alias "El Masca"'     -1   ['a','b'] |
	| 'Azahara alias "Achofifo Alfalfa"'   2   {'a'='3'} |
	
	--------------------------------------------------------------------------------
	  CSV con método de salida de items:
	================================================================================
	"Juan alias ""Cabezón""", 40, 2+3I
	"Edgar alias ""Orejón""", 2.3, I
	"Alejandro alias ""El Masca""", -1, ['a','b']
	"Azahara alias ""Achofifo Alfalfa""", 2, {'a'='3'}
	  
	--------------------------------------------------------------------------------
	  CSV con método de entrada de items (reversible con 'desdecsv'):
	================================================================================
	"Juan alias ""Cabezón"""; 40b; 2+3î
	"Edgar alias ""Orejón"""; 2.3d; î
	"Alejandro alias ""El Masca"""; -1; ['a','b']
	"Azahara alias ""Achofifo Alfalfa"""; 2; dic('a','3')
	  
	--------------------------------------------------------------------------------
	  Matriz desde CSV con función 'desdecsv':
	================================================================================
	|       'Juan alias "Cabezón"'        40     2+3I    |
	|       'Edgar alias "Orejón"'        2.3      I     |
	|    'Alejandro alias "El Masca"'     -1   ['a','b'] |
	| 'Azahara alias "Achofifo Alfalfa"'   2   {'a'='3'} |
	</p>
</div>

<!-- SINCE/MODIFIED -->
<p class="subtitle">Desde / Última modificación</p>

<p class="content desde_version">v0.6.2.0</p>

<!-- SEE ALSO -->
<p class="subtitle">Véase también…</p>

<p class="content">
	<a href="desdecsv.html">desdecsv</a>
</p>


<footer>
	<p>JME parser <span class="version"></span> // <span class="author"></span>, <span class="copyright"></span></p>
</footer>

</body>

</html>